111 111111 111-111

111 ctat· 11111 d 11 91 Quo 11111 (netu 111 111 11111100100111111
111111 0 [1111111111 duo 1111111111 8111110111 88. 98 11011198 tumr
11111111111101111111111111111111111111 0011194 1111
1111111111 111 0111111111111 1111111011197011 00101911 11 1111111111
G 1111111111 DLp 1198 111111111111111111 00011199 1111111111ωο
11100 0111111 01 11 101 111111 111 GGH 111 11111111111111111 01011
109 penetrale· 1111111111 1111111111 d) 0 11 108 Neo 0001111111
1111111 GH 11 104 0111 0001 11 1111111 01 1111111 H· 11 105 01111
00011111 111111 01111 1111 1111111111 000011 1111111111 11 101 11-
uoluens 0111 108 nuptum L 1111111111 011 1111111111 00011 bunum
ΗΙΙ 109 Quo D¹ 1111111111 01111111 H 1111111111 GLGHp 1111111 01
„netum 1111111111 1111111 1111111 nquam 1 m
0111110 8111111 0000111111 111 11111111 111 11111111 0111 119 Anu
0000111 Atta D· ‘solue' Lm 1111111111 ΙΙ 1111011ώά11 DLp
:mphytriontndi- 0 11111111111111 1111118 orob 0111111111Ηο 0111
1111111111 0111111111 011 114 1111111111 010001 1111111111 011 111111111111

11
011115 111111111110 11111111 L (1111 1 1111. 01) 11111111 1111111111
1111111 GDLHp 11 118 Qui 111111111111000111Ρ11ῳ11111ὼ
111111 811111010111111111111111111 D¹p [tredecim 8111] Qut 111111
1111111111 11 119111 1111 D: 111 11111 0010110] 1111111111 01
neque 1111 11111 H 11111 1111111 ΙΙ 191 1111 0 11 diuitiis 011
194 811111111 οΟΗ[ΡῙ] 8111111111 G 81111111 11 Dp ΙΙ uolturium
GDCp[P1] uoluntarium H 1111111111 0 11 195 1111110 11 lm 1111
(111 111) 0 qui H ΙΙ 1111151111 0111118 Qutnqum⁰GDLCHp 11 199
Sed tuorum (111 01) 001οΗ sed horum 01111801 GLCHp 11101
11181 11 00000111189111111111 011 188 1111111111 11111011
illum H 111111 011 185 111 111 01 11 187 seimus 010 111111 1111 189
0111111111 (8111111111) 1111111111 1111111111 0111100111 Hp) GD
0011111140 11111 00011[Ρ1]11 141 111 H· 11 Atque οΗρ1Ρ101] At
qt L 111 1111 00 11 hominem 01 11 componere GDLGHp 111111 1. u.
interstitium 11111111 11 1481111111 (101001Ρὶ1 (1111111111) 11 mmm-ntem
0011101Ρο11 111111 0 111111101 11 147 1111 01111111 [1111111111
latr? 8111111111 11 1111 011148 11111 00100011111111 0111 149 quod
00000111 150 11111 00000111181111 DL 11 151 1111 0011111111
0111111111 0111 159 Nee D 11 11111 tertium om 011 158 11111 01
1111111111 01111111 11111111 011155 81111 0001111 11 111] 111110 1
11101 11 uite 0 [11011 11111110 8111111111] 1111 H ΙΙ 150 1111 Dp 111
GLCH [11111 111 abent 1111111111 mu! 8111111111 111 manuscriptis 111·-
1111111111 1111 Statius] 11 151111111111110111111’ 011 11 158
111-1111111111111111111 01 ‘solu' 01 [81111111111111 11 Metam

 

