856 INDEX 0131111711

LII 35 182 238 LXXXIII 73
LIII 252 263 11111111 322
11111 182 221 11117 117
17 33 186 314 LXXXVI 78 78
171 305 LXXXVII 82
LVII 132187188 LXXXVIII 103
LVIII 83127 LXXXVIIII 103
171111 88 165 11111 103
11 82 111111 75102
LXI 332 344 1111111 78 80
LXII 75353 11111111 132186
LXIII 354 LXXXXIIII 182 226
LXIIII 354 LXXXXV 267 278
LXV 180 271 272 273 LXXXXVI 252 284
LXVI 271 273 353 LXXXXVII 313
117Π 52 346 111117Π1 315
117111· 52 75 124 180 342 1111171111148144
344 0 52142
LXVIII¹³ 71 72 7578133173 01 174 177 274 277
314 343 011 236 320
1171111 85 87 01Π 156 “
111 75 73 01111 75 81
LXXI 314 07 182226

LXXII 81 071 314
LXXIII 85 GVH 120 121

1111111 103 07Π1 317

LXXV 82 071111 75 121
LXXVI 75 123 01 52 142
LXXVII 85 011 52 142

LXXVIII 75 88 37 313 CXII 314
11171111 83 CXIII 33 182 211

LXXX 108 011Π1 182 226
LXXXI 143 017 132 226

LXXXII 142 0171 101 108

 

