11

INDEX cxxxfflvx

1115 11⁷ XXVIII 111 161 140 141 150

34333 3333333 3334333333 333
34 xxx 33333
33333 xxx1 33333334
34 xxxx 343
333 333333 333
14 xxx1111 34333
33333 xxxv 33 334
33333 343 xxxvl 33333333
3 3333 333 334333 333 333333 33 333
33 3333 333333 344 343 3333333 43 333
333 333 xxxv1111 333
x111 33 33 343 343 xxxx 33
mxmmm nm mm
xv 343343 333333 33333
xv1 344343 3333333 33 343
xvu 33 344 xxxxlnl 333
xx1 344343 xxxxv 333
xxn 33 333 333333 334334
xxm 344343 3333333 140 144 343 333
3333333 343343 xxxxv111 343 333
xxv 343 · xxxxv1111 111 111
xxv1 33 344333 L 333333
333333 333 33 33 33

 

